PONTO:117,384
PONTO:82,250
PONTO:189,216
PONTO:293,460
PONTO:66,542
PONTO:228,340
PONTO:54,125
PONTO:155,58
PONTO:286,185
PONTO:298,325
PONTO:299,572
PONTO:375,573
PONTO:341,586
LINHA:417,459;412,320
LINHA:348,199;441,231
LINHA:304,125;349,59
LINHA:404,545;170,525
LINHA:179,456;249,390
LINHA:432,574;457,546
LINHA:503,557;596,591
LINHA:629,562;580,428
LINHA:485,511;603,450
POLIGONO:547,527;498,474;587,482;
POLIGONO:555,351;505,300;554,271;597,321;
POLIGONO:664,414;625,387;616,369;623,346;647,339;674,352;682,368;699,389;689,413;
POLIGONO:521,182;567,181;603,154;604,115;579,82;524,83;499,115;505,158;
POLIGONO:623,256;612,213;623,191;672,197;684,238;670,258;
POLIGONO:467,425;520,430;496,402;
